1000 0.000018 0.000009
1200 0.000021 0.000001
1400 0.000025 0.000000
1600 0.000028 0.000001
1800 0.000031 0.000002
2000 0.000035 0.000001
2200 0.000038 0.000001
2400 0.000043 0.000001
2600 0.000045 0.000002
2800 0.000049 0.000001
3000 0.000052 0.000000
3200 0.000057 0.000001
3400 0.000059 0.000001
3600 0.000069 0.000001
3800 0.000067 0.000001
4000 0.000071 0.000001
4200 0.000073 0.000002
4400 0.000076 0.000002
4600 0.000080 0.000000
4800 0.000084 0.000001
5000 0.000088 0.000001
5200 0.000090 0.000002
5400 0.000100 0.000001
5600 0.000091 0.000001
5800 0.000095 0.000001
6000 0.000097 0.000001
6200 0.000101 0.000002
6400 0.000104 0.000001
6600 0.000117 0.000001
6800 0.000111 0.000001
7000 0.000115 0.000001
7200 0.000117 0.000001
7400 0.000121 0.000001
7600 0.000123 0.000001
7800 0.000127 0.000001
8000 0.000130 0.000001
8200 0.000133 0.000001
8400 0.000136 0.000001
8600 0.000140 0.000001
8800 0.000143 0.000002
9000 0.000146 0.000002
9200 0.000152 0.000001
9400 0.000154 0.000001
9600 0.000156 0.000002
9800 0.000160 0.000001
10000 0.000164 0.000002
10200 0.000168 0.000001
10400 0.000170 0.000002
10600 0.000174 0.000002
10800 0.000181 0.000002
11000 0.000181 0.000001
11200 0.000186 0.000001
11400 0.000195 0.000001
11600 0.000198 0.000002
11800 0.000211 0.000004
12000 0.000204 0.000003
12200 0.000220 0.000003
12400 0.000209 0.000002
12600 0.000220 0.000001
12800 0.000240 0.000002
13000 0.000225 0.000003
13200 0.000219 0.000003
13400 0.000236 0.000002
13600 0.000257 0.000001
13800 0.000244 0.000001
14000 0.000264 0.000002
14200 0.000250 0.000004
14400 0.000237 0.000003
14600 0.000259 0.000000
14800 0.000264 0.000003
15000 0.000263 0.000001
15200 0.000287 0.000002
15400 0.000271 0.000001
15600 0.000263 0.000002
15800 0.000282 0.000003
16000 0.000271 0.000001
16200 0.000263 0.000002
16400 0.000265 0.000001
16600 0.000269 0.000001
16800 0.000273 0.000001
17000 0.000275 0.000002
17200 0.000279 0.000001
17400 0.000282 0.000001
17600 0.000285 0.000002
17800 0.000288 0.000001
18000 0.000292 0.000000
18200 0.000297 0.000002
18400 0.000299 0.000001
18600 0.000303 0.000001
18800 0.000306 0.000002
19000 0.000308 0.000001
19200 0.000311 0.000001
19400 0.000315 0.000001
19600 0.000317 0.000002
19800 0.000321 0.000001
20000 0.000324 0.000001
20200 0.000327 0.000002
20400 0.000355 0.000001
20600 0.000351 0.000001
20800 0.000336 0.000002
21000 0.000339 0.000001
21200 0.000344 0.000001
21400 0.000351 0.000002
21600 0.000351 0.000001
21800 0.000357 0.000001
22000 0.000378 0.000002
22200 0.000369 0.000002
22400 0.000410 0.000002
22600 0.000389 0.000001
22800 0.000382 0.000001
23000 0.000396 0.000001
23200 0.000391 0.000002
23400 0.000453 0.000002
23600 0.000421 0.000001
23800 0.000385 0.000002
24000 0.000393 0.000002
24200 0.000396 0.000002
24400 0.000404 0.000002
24600 0.000411 0.000002
24800 0.000405 0.000002
25000 0.000429 0.000001
25200 0.000409 0.000001
25400 0.000412 0.000001
25600 0.000415 0.000001
25800 0.000417 0.000002
26000 0.000421 0.000001
26200 0.000424 0.000001
26400 0.000428 0.000001
26600 0.000430 0.000002
26800 0.000434 0.000001
27000 0.000449 0.000001
27200 0.000447 0.000002
27400 0.000444 0.000001
27600 0.000448 0.000001
27800 0.000450 0.000001
28000 0.000454 0.000001
28200 0.000464 0.000000
28400 0.000462 0.000001
28600 0.000462 0.000002
28800 0.000474 0.000001
29000 0.000473 0.000001
29200 0.000490 0.000002
29400 0.000505 0.000001
29600 0.000555 0.000002
29800 0.000553 0.000002
